454 341
96 394
198 284
344 413
248 369
494 24
237 302
181 318
312 320
23 489
65 199
70 415
253 343
402 228
4 226
3 356
38 177
444 294
40 15
124 490
350 185
75 253
28 178
468 148
13 477
203 228
152 469
324 254
271 181
140 354
381 116
408 22
365 137
485 59
357 387
278 296
195 32
138 380
124 316
387 75
374 254
214 26
22 275
204 68
353 190
22 359
374 269
109 234
276 52
388 391
192 408
290 126
199 407
32 120
331 443
130 454
293 65
480 127
402 382
0 90
432 417
205 167
364 419
421 426
423 403
104 71
428 495
382 466
463 87
327 114
242 84
237 409
59 68
65 309
289 481
332 394
52 298
458 275
203 123
262 279
486 106
196 427
339 59
25 298
183 13
163 314
54 385
347 348
179 295
107 295
353 112
136 441
71 210
18 130
37 107
262 339
324 47
128 136
387 309
70 0
