20 20
53 31
87 37
104 27
144 27
186 43
199 60
205 72
301 76
331 59
343 52
370 44
406 37
431 46
451 58
554 78
576 75
618 56
645 46
680 56
702 82
516 77
465 85
488 53
538 15
12 6
738 13
265 32
240 76
85 99
130 121
92 209
35 289
63 334
86 398
108 433
93 468
81 504
74 564
77 597
112 649
75 689
193 483
165 357
136 284
156 205
185 154
234 129
260 175
246 298
244 344
266 463
280 556
14 735
741 739
35 624
26 454
136 520
199 606
219 670
240 539
329 423
294 333
353 245
375 157
309 195
417 263
387 343
386 471
397 531
420 601
440 640
356 649
343 575
320 501
298 661
405 681
543 653
513 587
583 548
595 612
660 670
664 593
622 574
625 501
677 454
672 535
477 432
469 333
564 312
431 395
500 505
550 443
556 376
490 266
515 200
478 167
587 142
610 210
651 300
613 368
677 391
