12 17
735 38
7 742
696 708
109 102
125 198
104 295
87 360
64 414
68 510
86 580
205 635
234 576
237 524
217 476
192 435
192 361
204 310
225 250
242 189
242 130
418 92
432 169
432 269
431 348
430 453
428 519
421 609
429 652
480 675
564 681
615 648
653 673
685 652
666 618
653 560
653 516
657 478
662 440
667 405
657 365
619 369
584 378
565 337
566 301
586 256
614 234
626 201
607 166
569 138
583 91
620 71
659 63
694 55
67 647
39 690
88 716
139 694
171 672
303 121
368 107
706 18
627 24
557 33
498 34
446 37
393 41
340 41
271 41
199 43
128 44
68 34
